# BRON: KONINKLIJK NEDERLANDS METEOROLOGISCH INSTITUUT (KNMI)
# Opmerking: door stationsverplaatsingen en veranderingen in waarneemmethodieken zijn deze tijdreeksen van dagwaarden mogelijk inhomogeen! Dat betekent dat deze reeks van gemeten waarden niet geschikt is voor trendanalyse. Voor studies naar klimaatverandering verwijzen we naar de gehomogeniseerde reeks maandtemperaturen van De Bilt <http://www.knmi.nl/kennis-en-datacentrum/achtergrond/gehomogeniseerde-reeks-maandtemperaturen-de-bilt> of de Centraal Nederland Temperatuur <http://www.knmi.nl/kennis-en-datacentrum/achtergrond/centraal-nederland-temperatuur-cnt>.
# 
# 
# STN      LON(east)   LAT(north)     ALT(m)  NAME
# 260:         5.180       52.100       1.90  DE BILT
# 
# YYYYMMDD = Datum (YYYY=jaar MM=maand DD=dag); 
# TG       = Etmaalgemiddelde temperatuur (in 0.1 graden Celsius); 
# 
# STN,YYYYMMDD,   TG
# 
  260,20080101,   19
  260,20080102,   -6
  260,20080103,    6
  260,20080104,   33
  260,20080105,   67
  260,20080106,   37
  260,20080107,   71
  260,20080108,   60
  260,20080109,   65
  260,20080110,   76
  260,20080111,   97
  260,20080112,   58
  260,20080113,   56
  260,20080114,   66
  260,20080115,   85
  260,20080116,   72
  260,20080117,   61
  260,20080118,   97
  260,20080119,  109
  260,20080120,  116
  260,20080121,  101
  260,20080122,   44
  260,20080123,   69
  260,20080124,   85
  260,20080125,   66
  260,20080126,   82
  260,20080127,   86
  260,20080128,   83
  260,20080129,   64
  260,20080130,   46
  260,20080131,   45
  260,20080201,   59
  260,20080202,   31
  260,20080203,   31
  260,20080204,   59
  260,20080205,   78
  260,20080206,   73
  260,20080207,   49
  260,20080208,   68
  260,20080209,   56
  260,20080210,   55
  260,20080211,   54
  260,20080212,   50
  260,20080213,   17
  260,20080214,   32
  260,20080215,   20
  260,20080216,   -5
  260,20080217,   -7
  260,20080218,    4
  260,20080219,   17
  260,20080220,   11
  260,20080221,   71
  260,20080222,   98
  260,20080223,   84
  260,20080224,   95
  260,20080225,   79
  260,20080226,   99
  260,20080227,   71
  260,20080228,   69
  260,20080229,   72
  260,20080301,   94
  260,20080302,   99
  260,20080303,   61
  260,20080304,   28
  260,20080305,   34
  260,20080306,   74
  260,20080307,   69
  260,20080308,   67
  260,20080309,   77
  260,20080310,   63
  260,20080311,   83
  260,20080312,   80
  260,20080313,   80
  260,20080314,   74
  260,20080315,   80
  260,20080316,   80
  260,20080317,   48
  260,20080318,   39
  260,20080319,   40
  260,20080320,   53
  260,20080321,   35
  260,20080322,   18
  260,20080323,    7
  260,20080324,   14
  260,20080325,   13
  260,20080326,   29
  260,20080327,   45
  260,20080328,   67
  260,20080329,   94
  260,20080330,   93
  260,20080331,   91
  260,20080401,   85
  260,20080402,   85
  260,20080403,   78
  260,20080404,   88
  260,20080405,   70
  260,20080406,   41
  260,20080407,   31
  260,20080408,   37
  260,20080409,   58
  260,20080410,   64
  260,20080411,   78
  260,20080412,   79
  260,20080413,   78
  260,20080414,   64
  260,20080415,   56
  260,20080416,   46
  260,20080417,   62
  260,20080418,   81
  260,20080419,   89
  260,20080420,  118
  260,20080421,  128
  260,20080422,  132
  260,20080423,  132
  260,20080424,  116
  260,20080425,  107
  260,20080426,  146
  260,20080427,  169
  260,20080428,  124
  260,20080429,  111
  260,20080430,  125
  260,20080501,   99
  260,20080502,  104
  260,20080503,  131
  260,20080504,  156
  260,20080505,  163
  260,20080506,  175
  260,20080507,  183
  260,20080508,  188
  260,20080509,  196
  260,20080510,  205
  260,20080511,  197
  260,20080512,  198
  260,20080513,  192
  260,20080514,  190
  260,20080515,  168
  260,20080516,  130
  260,20080517,  109
  260,20080518,  104
  260,20080519,   92
  260,20080520,  109
  260,20080521,  132
  260,20080522,  150
  260,20080523,  171
  260,20080524,  184
  260,20080525,  149
  260,20080526,  139
  260,20080527,  173
  260,20080528,  194
  260,20080529,  167
  260,20080530,  161
  260,20080531,  150
  260,20080601,  167
  260,20080602,  220
  260,20080603,  187
  260,20080604,  165
  260,20080605,  157
  260,20080606,  197
  260,20080607,  174
  260,20080608,  196
  260,20080609,  201
  260,20080610,  169
  260,20080611,  147
  260,20080612,  118
  260,20080613,  127
  260,20080614,  123
  260,20080615,  120
  260,20080616,  118
  260,20080617,  138
  260,20080618,  160
  260,20080619,  159
  260,20080620,  160
  260,20080621,  186
  260,20080622,  202
  260,20080623,  143
  260,20080624,  161
  260,20080625,  182
  260,20080626,  174
  260,20080627,  170
  260,20080628,  181
  260,20080629,  173
  260,20080630,  171
  260,20080701,  200
  260,20080702,  218
  260,20080703,  181
  260,20080704,  170
  260,20080705,  175
  260,20080706,  179
  260,20080707,  158
  260,20080708,  147
  260,20080709,  156
  260,20080710,  169
  260,20080711,  166
  260,20080712,  150
  260,20080713,  151
  260,20080714,  172
  260,20080715,  177
  260,20080716,  169
  260,20080717,  150
  260,20080718,  163
  260,20080719,  160
  260,20080720,  139
  260,20080721,  135
  260,20080722,  162
  260,20080723,  183
  260,20080724,  205
  260,20080725,  221
  260,20080726,  214
  260,20080727,  227
  260,20080728,  232
  260,20080729,  207
  260,20080730,  219
  260,20080731,  241
  260,20080801,  200
  260,20080802,  191
  260,20080803,  183
  260,20080804,  177
  260,20080805,  190
  260,20080806,  217
  260,20080807,  191
  260,20080808,  167
  260,20080809,  171
  260,20080810,  182
  260,20080811,  171
  260,20080812,  170
  260,20080813,  167
  260,20080814,  151
  260,20080815,  147
  260,20080816,  159
  260,20080817,  163
  260,20080818,  161
  260,20080819,  175
  260,20080820,  167
  260,20080821,  170
  260,20080822,  145
  260,20080823,  148
  260,20080824,  152
  260,20080825,  180
  260,20080826,  175
  260,20080827,  168
  260,20080828,  178
  260,20080829,  182
  260,20080830,  187
  260,20080831,  207
  260,20080901,  171
  260,20080902,  151
  260,20080903,  139
  260,20080904,  154
  260,20080905,  161
  260,20080906,  174
  260,20080907,  151
  260,20080908,  148
  260,20080909,  173
  260,20080910,  180
  260,20080911,  201
  260,20080912,  163
  260,20080913,  129
  260,20080914,  119
  260,20080915,  118
  260,20080916,  124
  260,20080917,  112
  260,20080918,   99
  260,20080919,  102
  260,20080920,  106
  260,20080921,  126
  260,20080922,  133
  260,20080923,  132
  260,20080924,  130
  260,20080925,  117
  260,20080926,  116
  260,20080927,  104
  260,20080928,  110
  260,20080929,  116
  260,20080930,  124
  260,20081001,  121
  260,20081002,   94
  260,20081003,   84
  260,20081004,   91
  260,20081005,  113
  260,20081006,  110
  260,20081007,  144
  260,20081008,  125
  260,20081009,   93
  260,20081010,  112
  260,20081011,  136
  260,20081012,  134
  260,20081013,  158
  260,20081014,  150
  260,20081015,  138
  260,20081016,  109
  260,20081017,   88
  260,20081018,  102
  260,20081019,  113
  260,20081020,  129
  260,20081021,  100
  260,20081022,   85
  260,20081023,   94
  260,20081024,   89
  260,20081025,   80
  260,20081026,  119
  260,20081027,   85
  260,20081028,   42
  260,20081029,   12
  260,20081030,   26
  260,20081031,   49
  260,20081101,   63
  260,20081102,   84
  260,20081103,   80
  260,20081104,   68
  260,20081105,   90
  260,20081106,  100
  260,20081107,   90
  260,20081108,   91
  260,20081109,  101
  260,20081110,  129
  260,20081111,   94
  260,20081112,   82
  260,20081113,   84
  260,20081114,   98
  260,20081115,  113
  260,20081116,   82
  260,20081117,   63
  260,20081118,   74
  260,20081119,   92
  260,20081120,   98
  260,20081121,   52
  260,20081122,   18
  260,20081123,    8
  260,20081124,    8
  260,20081125,   23
  260,20081126,   47
  260,20081127,   63
  260,20081128,   37
  260,20081129,   19
  260,20081130,    5
  260,20081201,   37
  260,20081202,   36
  260,20081203,   23
  260,20081204,   26
  260,20081205,   52
  260,20081206,   56
  260,20081207,   48
  260,20081208,   20
  260,20081209,   17
  260,20081210,   20
  260,20081211,   31
  260,20081212,   16
  260,20081213,   -5
  260,20081214,   23
  260,20081215,   22
  260,20081216,    0
  260,20081217,   23
  260,20081218,   43
  260,20081219,   63
  260,20081220,   86
  260,20081221,   89
  260,20081222,   77
  260,20081223,   51
  260,20081224,   66
  260,20081225,   36
  260,20081226,   -9
  260,20081227,  -22
  260,20081228,  -28
  260,20081229,  -38
  260,20081230,  -44
  260,20081231,  -56
